1  29.829654717624656
2  4.180962196273678
3  4.180962196273678
4  4.180962196273678
5  4.180962196273678
6  3.085995604741168
7  3.085995604741168
8  3.085995604741168
9  3.085995604741168
10  3.085995604741168
11  3.085995604741168
12  3.085995604741168
13  3.085995604741168
14  3.085995604741168
15  3.085995604741168
16  3.085995604741168
17  3.085995604741168
18  3.085995604741168
19  3.085995604741168
20  3.085995604741168
21  3.085995604741168
22  3.085995604741168
23  3.085995604741168
24  3.085995604741168
25  3.085995604741168
26  3.085995604741168
27  3.085995604741168
28  3.085995604741168
29  3.085995604741168
30  3.085995604741168
31  3.085995604741168
32  3.085995604741168
33  3.085995604741168
34  3.085995604741168
35  3.085995604741168
36  3.085995604741168
37  3.085995604741168
38  3.085995604741168
39  3.085995604741168
40  3.085995604741168
41  3.085995604741168
42  3.085995604741168
43  3.085995604741168
44  3.085995604741168
45  3.085995604741168
46  3.085995604741168
47  3.085995604741168
48  3.085995604741168
49  3.085995604741168
50  3.085995604741168
51  3.085995604741168
52  3.085995604741168
53  3.085995604741168
54  3.085995604741168
55  3.085995604741168
56  3.085995604741168
57  3.085995604741168
58  3.085995604741168
59  3.085995604741168
60  3.085995604741168
61  3.085995604741168
62  3.085995604741168
63  3.085995604741168
64  3.085995604741168
65  3.085995604741168
66  3.085978335711806
67  3.085955426584953
68  3.085955426584953
69  3.0859503607604015
